2 0.359707 0.299561 0.216850 0.071777
2 0.260806 0.822510 0.134799 0.056152
2 0.892308 0.846191 0.149451 0.055664
2 0.846154 0.318359 0.208059 0.068359
2 0.580586 0.846924 0.157509 0.053223
1 0.254945 0.274414 0.498168 0.369141
1 0.758242 0.291992 0.483516 0.335938
1 0.171795 0.809570 0.333333 0.239258
1 0.838462 0.824219 0.308425 0.271484
1 0.509158 0.828857 0.315018 0.238770
0 0.792308 0.772705 0.053480 0.037598
0 0.195971 0.187744 0.094505 0.055176
0 0.713553 0.219482 0.070330 0.053223
0 0.153114 0.752197 0.065934 0.038574
0 0.460806 0.765381 0.057143 0.036621
0 0.142491 0.749268 0.054945 0.028809
3 0.367766 0.222656 0.225641 0.044922
3 0.262271 0.771484 0.136264 0.032227
3 0.908059 0.796875 0.148718 0.032227
3 0.860073 0.248779 0.225641 0.051270
3 0.579853 0.789062 0.160440 0.032227
